F1	F1_diff	Precision	Precision_diff	Recall	Recall_diff	split	class
0,581818182	0	0,444444444	0	0,842105263	0	test	1
0,586666667	0,011972789	0,594594595	0	0,578947368	0,023792358	test	2
0,524137931	-0,010624418	0,603174603	0	0,463414634	-0,016355811	test	3
0,528497409	0,002114836	0,62962963	0,012345679	0,455357143	-0,00318323	test	4
0,304347826	0	0,21875	0	0,5	0	test	5
0,567164179	-0,027481639	0,441860465	-0,046511628	0,791666667	0,058333333	test	6
0,75	-0,002747253	0,785714286	0,023809524	0,717391304	-0,023513753	test	7
0,62745098	-0,02745098	0,533333333	-0,033333333	0,761904762	-0,011904762	test	8
0,636363636	0	0,595744681	0	0,682926829	0	test	9
0,780141844	-0,008713273	0,859375	-0,015625	0,714285714	-0,003759398	test	10
0,44	-0,04	0,314285714	-0,028571429	0,733333333	-0,066666667	val	1
0,68	0,000272109	0,772727273	-0,015151515	0,607142857	0,010141093	val	2
0,662790698	0	0,721518987	0	0,612903226	0	val	3
0,61452514	0,015909643	0,670731707	0,036585366	0,567010309	0,001617142	val	4
0,486486486	0,013513514	0,36	0	0,75	0,068181818	val	5
0,553846154	-0,030769231	0,45	-0,025	0,72	-0,04	val	6
0,755555556	-0,039766082	0,871794872	0	0,666666667	-0,05952381	val	7
0,6875	-0,010576923	0,55	0	0,916666667	-0,036666667	val	8
0,578947368	-0,003604903	0,55	-0,025	0,611111111	0,025252525	val	9
0,85106383	-0,004348501	0,909090909	-0,03030303	0,8	0,016901408	val	10
0,957613815	0,001633834	0,924242424	0,003030303	0,993485342	2,11515E-05	train	1
0,966507177	0,003189793	0,964968153	0,003184713	0,968051118	0,003194888	train	2
0,966360856	0,002317524	0,979844961	0,003100775	0,953242836	0,001576442	train	3
0,953095685	0,000654315	0,98961039	0,001298701	0,919179735	9,73738E-05	train	4
0,884097035	-0,006048255	0,792270531	-0,009661836	1	0	train	5
0,979591837	0	0,965944272	0	0,993630573	0	train	6
0,977602108	0,00134526	0,971204188	0,002617801	0,984084881	4,21035E-05	train	7
0,988372093	-0,001964326	0,980769231	-0,003846154	0,99609375	-1,53186E-05	train	8
0,962758621	0,002853484	0,945799458	0,005420054	0,980337079	0,000109849	train	9
0,975736568	0,002543188	0,994699647	0	0,957482993	0,004910169	train	10
0,580645161	0,009518773	0,692307692	-0,192307692	0,5	0,22	test	1
0,643356643	0,01048951	0,666666667	0,022522523	0,621621622	0,000329598	test	2
0,536231884	0,032998885	0,493333333	0,093968254	0,587301587	-0,035062781	test	3
0,522222222	-0,016049383	0,474747475	0,031425365	0,580246914	-0,074074074	test	4
0,393442623	0,032786885	0,413793103	-0,007543103	0,375	0,073275862	test	5
0,547945205	0,020236613	0,666666667	-0,085271318	0,465116279	0,090439276	test	6
0,722891566	-0,018346112	0,731707317	0,006387921	0,714285714	-0,040372671	test	7
0,733333333	-0,05408805	0,733333333	-0,133333333	0,733333333	0,049275362	test	8
0,688172043	-0,014259	0,695652174	-0,036077706	0,680851064	0,008037825	test	9
0,824427481	0,017677782	0,805970149	0,069029851	0,84375	-0,032155797	test	10
0,466666667	0,050574713	0,56	-0,131428571	0,4	0,252173913	val	1
0,701492537	-0,025630468	0,691176471	0,051247772	0,712121212	-0,091868048	val	2
0,621118012	-0,00269696	0,609756098	-0,014819389	0,632911392	0,010924224	val	3
0,574850299	0,002072778	0,564705882	-0,015925395	0,585365854	0,022742254	val	4
0,44	-0,057021277	0,44	-0,08	0,44	-0,030909091	val	5
0,554216867	0,049949799	0,534883721	0,190116279	0,575	-0,057142857	val	6
0,761904762	-0,026272578	0,711111111	0,109401709	0,820512821	-0,153846154	val	7
0,722222222	0,002415459	0,8125	-0,1875	0,65	0,212068966	val	8
0,613333333	-0,037990868	0,657142857	-0,132142857	0,575	0,061363636	val	9
0,855072464	-0,018193031	0,819444444	0,074494949	0,893939394	-0,107272727	val	10
0,886792453	-0,084224235	0,921568627	-0,16399287	0,854545455	-0,001303134	train	1
0,879173291	-0,10024154	0,877777778	-0,041790517	0,880573248	-0,151406582	train	2
0,877742947	-0,115201141	0,88748019	-0,180503446	0,868217054	-0,040630847	train	3
0,842236025	-0,102222927	0,807142857	-0,073376623	0,880519481	-0,134152241	train	4
0,796915167	-0,063405932	0,851648352	-0,180150767	0,748792271	0,059347264	train	5
0,9	-0,153443526	0,90851735	-0,069508062	0,891640867	-0,219184291	train	6
0,940397351	-0,077160212	0,951742627	-0,051219067	0,929319372	-0,100403709	train	7
0,934362934	-0,072574316	0,937984496	-0,122599881	0,930769231	-0,016976127	train	8
0,876560333	-0,095178104	0,897727273	-0,147049766	0,856368564	-0,041662681	train	9
0,928262748	-0,037463092	0,908629442	0,006564905	0,948763251	-0,081091559	train	10
0,6	0,055737705	0,5	0,055555556	0,75	0,05	test	1
0,647058824	-0,012576065	0,594594595	0,027027027	0,709677419	-0,061790095	test	2
0,586466165	-0,00252456	0,619047619	0,015873016	0,557142857	-0,016602317	test	3
0,540540541	-0,023299161	0,617283951	-0,061728395	0,480769231	0,003101737	test	4
0,385964912	0,001131862	0,34375	0,03125	0,44	-0,04	test	5
0,545454545	0,041212121	0,488372093	0,023255814	0,617647059	0,069852941	test	6
0,632653061	0,049165121	0,738095238	-0,023809524	0,553571429	0,098602484	test	7
0,642857143	0	0,6	0	0,692307692	0	test	8
0,56097561	0,061246612	0,489361702	0,106382979	0,657142857	-0,005980066	test	9
0,785714286	0,008403361	0,859375	-0,015625	0,723684211	0,026315789	test	10
0,5	-0,00877193	0,428571429	-0,028571429	0,6	0,036363636	val	1
0,573643411	-0,000113999	0,560606061	0,03030303	0,587301587	-0,03015873	val	2
0,666666667	-0,016985138	0,64556962	0	0,689189189	-0,035343035	val	3
0,554913295	-0,015991139	0,585365854	-0,036585366	0,527472527	0,001939237	val	4
0,409090909	-0,034090909	0,36	0	0,473684211	-0,082379863	val	5
0,561797753	0,053586863	0,625	0,075	0,510204082	0,038815526	val	6
0,725274725	0,030822836	0,846153846	-0,051282051	0,634615385	0,086314848	val	7
0,746666667	-0,0142723	0,7	-0,05	0,8	0,038709677	val	8
0,550724638	0,043869957	0,475	0,075	0,655172414	-0,00811359	val	9
0,794326241	0,014184397	0,848484848	0,015151515	0,746666667	0,013333333	val	10
0,676716918	-0,007774938	0,63125	-0,01875	0,729241877	0,007600228	train	1
0,672325976	-0,011685056	0,655629139	0,009933775	0,68989547	-0,03410428	train	2
0,652137469	-0,003850083	0,614533965	-0,001579779	0,694642857	-0,006699595	train	3
0,662170448	-0,006249803	0,72	-0,014666667	0,612939841	3,81427E-05	train	4
0,588235294	0,022730763	0,517241379	0,0591133	0,681818182	-0,031818182	train	5
0,663580247	-0,009433142	0,682539683	-0,019047619	0,645645646	-0,000583917	train	6
0,771392082	0,001271796	0,820652174	-0,067934783	0,727710843	0,065985432	train	7
0,810916179	0,002711075	0,822134387	-0,019762846	0,8	0,025203252	train	8
0,707592892	0,00838344	0,616901408	0,064788732	0,829545455	-0,075651374	train	9
0,862447257	-0,01113035	0,927404719	-0,01814882	0,805993691	-0,005674202	train	10
0,644067797	0,033351558	0,527777778	0,055555556	0,826086957	-0,018394649	test	1
0,716216216	-0,018229639	0,716216216	-0,013513514	0,716216216	-0,022882883	test	2
0,625	-0,0625	0,634920635	-0,063492063	0,615384615	-0,061538462	test	3
0,586387435	-0,005381848	0,691358025	-0,049382716	0,509090909	0,021521336	test	4
0,452830189	0,03897309	0,375	0,09375	0,571428571	-0,054187192	test	5
0,693333333	-0,001025641	0,604651163	0,023255814	0,8125	-0,041071429	test	6
0,743589744	-0,006747638	0,69047619	-0,023809524	0,805555556	0,017973856	test	7
0,769230769	0,018648019	0,833333333	0,033333333	0,714285714	0,007936508	test	8
0,666666667	0,021505376	0,638297872	0,042553191	0,697674419	-0,002022245	test	9
0,817518248	0,00066357	0,875	-0,03125	0,767123288	0,026994359	test	10
0,517241379	0,007348785	0,428571429	0,028571429	0,652173913	-0,036789298	val	1
0,764705882	-0,002115954	0,787878788	0,015151515	0,742857143	-0,016829746	val	2
0,674698795	0,00431355	0,708860759	-0,012658228	0,643678161	0,018972441	val	3
0,662790698	-0,023737443	0,695121951	-0,036585366	0,633333333	-0,012643678	val	4
0,571428571	0,006349206	0,48	0,04	0,705882353	-0,055882353	val	5
0,675324675	0,06151743	0,65	0,05	0,702702703	0,075075075	val	6
0,823529412	-0,037815126	0,897435897	-0,051282051	0,760869565	-0,027536232	val	7
0,826666667	0	0,775	0	0,885714286	0	val	8
0,588235294	0,051764706	0,5	0,1	0,714285714	-0,028571429	val	9
0,855172414	0,014392804	0,939393939	-0,03030303	0,784810127	0,048523207	val	10
0,900163666	0,087566395	0,833333333	0,142424242	0,978647687	0,021352313	train	1
0,950197628	0,037103959	0,957006369	0,03343949	0,943485086	0,040692129	train	2
0,912280702	0,083060913	0,886821705	0,106976744	0,939244663	0,057644917	train	3
0,899196042	0,094335653	0,944155844	0,053246753	0,858323495	0,131367227	train	4
0,875318066	0,110118827	0,830917874	0,149758454	0,924731183	0,06551272	train	5
0,945783133	0,051130448	0,972136223	0,027863777	0,920821114	0,073025039	train	6
0,953395473	0,041341369	0,937172775	0,052356021	0,970189702	0,029810298	train	7
0,963671128	0,034409486	0,969230769	0,030769231	0,958174905	0,037993677	train	8
0,925925926	0,065943993	0,880758808	0,111111111	0,975975976	0,015893943	train	9
0,954237288	0,041357426	0,994699647	0,003533569	0,916938111	0,076032012	train	10
0,626865672	-0,023691068	0,583333333	-0,055555556	0,677419355	0,026284349	test	1
0,7	0,028571429	0,662162162	0,027027027	0,742424242	0,03030303	test	2
0,606896552	0,020840675	0,698412698	-0,015873016	0,536585366	0,044495715	test	3
0,582857143	-0,006770186	0,62962963	0,024691358	0,542553191	-0,027990085	test	4
0,482758621	0,034482759	0,4375	0,03125	0,538461538	0,038461538	test	5
0,563380282	0,039359444	0,465116279	0,046511628	0,714285714	0,019047619	test	6
0,752941176	0,023529412	0,761904762	0,023809524	0,744186047	0,023255814	test	7
0,779661017	-0,005467469	0,766666667	0,033333333	0,793103448	-0,043103448	test	8
0,695652174	-0,014333493	0,680851064	-0,021276596	0,711111111	-0,006565657	test	9
0,818181818	-0,009021513	0,84375	-0,015625	0,794117647	-0,003072871	test	10
0,571428571	0,004842615	0,514285714	-0,028571429	0,642857143	0,06547619	val	1
0,736842105	0,013157895	0,742424242	-0,015151515	0,731343284	0,042850265	val	2
0,625	0,009146341	0,632911392	0,025316456	0,617283951	-0,005519245	val	3
0,642857143	-0,015638208	0,658536585	-0,012195122	0,627906977	-0,018711574	val	4
0,583333333	-0,044871795	0,56	0	0,608695652	-0,090177134	val	5
0,623376623	0,034851225	0,6	0,05	0,648648649	0,018018018	val	6
0,80952381	-0,014343087	0,871794872	-0,025641026	0,755555556	-0,005555556	val	7
0,773333333	0,021187215	0,725	0	0,828571429	0,05021645	val	8
0,631578947	0,026315789	0,6	0,025	0,666666667	0,027777778	val	9
0,842857143	0,008206687	0,893939394	0,015151515	0,797297297	0,002702703	val	10
0,857589984	-0,01193082	0,83030303	-0,033333333	0,886731392	0,01395354	train	1
0,819376026	0,006961422	0,794585987	0,00477707	0,845762712	0,0094332	train	2
0,808675445	0,00929512	0,809302326	0,009302326	0,808049536	0,009287926	train	3
0,775260257	0,009457754	0,822077922	0,018181818	0,733487833	0,002575876	train	4
0,802005013	0,031741886	0,77294686	0,038647343	0,833333333	0,023809524	train	5
0,866242038	0	0,842105263	0	0,891803279	0	train	6
0,918848168	-0,005235602	0,918848168	-0,005235602	0,918848168	-0,005235602	train	7
0,94302554	-0,014454112	0,923076923	-0,023076923	0,963855422	-0,004839028	train	8
0,856338028	-0,015882188	0,823848238	-0,024390244	0,891495601	-0,005609715	train	9
0,913601369	-0,006663974	0,943462898	0,003533569	0,885572139	-0,015442269	train	10